1.20367127796635 2.21473276859615 1.06993185007013 0.2726816018112 3.24581467651296 2.39295158477034 2.64052100630943 3.30279992322903 0.433758390834555 1.6076719223056 3.25220387696754
2.15701339149382 0.0339761847862974 0.247891388135031 2.43568778294139 1.94356876937672 0.806452589225955 2.53560189798009 2.43688866531011 0.519810490193777 2.26726169988979 1.39502008270938
1.97835983533878 0.517408902291209 1.9263479586225 3.12754905386828 1.75746502715629 0.571942442678846 0.436422108323313 0.12259962130338 3.11720930936281 1.10687134892214 0.978538789902814 2.07750531681813 1.80520602955949 1.6568676213501 1.53882839460857 0.64097468170803 0.453427775413729 0.844963751616888 0.135104460292496
2.08217324898578 0.684908475726843 1.37891264958307 2.58460970874876 2.78035359515343 2.44287568703294 0.253785637556575 0.409016894758679 1.0837318431586 3.40918464551214 2.09954128414392 1.36303885525558 2.98673360457178 2.61745353508741 1.98679853323847 2.75552167044953
1.29819808190223 3.25396809331141 0.75897909887135 0.271756571251899 0.340755782090127 0.380959681235254 3.1936426803004 2.60909792105667 2.69093736633658 2.72274200175889 1.57331307907589 0.468783683958463 1.69634575676173 0.434977751225233 2.38999116199557 0.343478004215285 3.42471135617234 1.38890167512 3.30215002491605 1.53540259704459
0.561810099403374 0.988136237836443 3.03788211313076 0.0449325337540358 0.307210466475226 0.471992830280215 2.37682530365419 1.91315802629106 1.82075127121061 0.941340837511234 1.61165525089018 2.90599174727686 0.372518902877346 0.0323136525694281 1.76050692843273 0.668428948614746 2.0894998551812 0.328688998939469
1.69027985853609 2.4882719127927 3.43541656050365 0.487144380458631 0.136858249083161 0.0115657520946115 0.32396547216922 1.32099127327092 0.322715194197372 1.29500860662665 0.786659116274677 1.49880157888401 3.17539517686237 2.89312279876322 3.30862238502596 0.00506498024333268 0.0216626811306924 3.26375589380041
2.22625180531759 3.36923405784182 3.0587425645208 2.65690854098648 0.00742327130865306 2.77884362172335 1.1993273178814 0.171053722151555 2.12915456388146 2.69482790958136 0.564849110203795 2.28678134281654 0.67689559457358 0.125881635816768 3.17283687496092 2.63056378008332 0.444437858765014 1.66499037318863
2.5411725534359 0.632831549854018 1.11175060691312 2.61541469418444 0.735597408376634 0.407918166718446 1.10789206589106 2.22841996059287 1.7189825886162 1.1326807255391 2.54620950575918 1.4188288009027 1.44584616017528 1.62731691997033 1.33055939432234 2.27114073745906 1.59902480372693 2.32149478478823 1.04405952023808 0.566258471109904
1.61895258317236 0.580293281353079 1.00361126463395 2.17610184906516 2.09209559555165 1.40702015918214 2.50314552907366 3.29361345584039 3.40509151713923 0.324987994157709 1.52619799633976 2.18184337997809 1.63201259076595 2.06347654422279
